1261972313639202816
1261601989269639168
1261593659927117824
1262034299735457793
1262045119378796544

1262052638704705538
1262053799096696843
1260559991687335942
1262078950714544134
1262366693621465089
1262378278884704257
1262385136164888581

1262397569965142021
1262672940467961858
1262807228911882240
1263025247659479040
1263117898584858629

1263401355378638848

1263011438995681280
1262389649466671112
1262046979330375681

1263025121238888450
1263480412904591362
1263498614485254144

1263499810390323200
1263543701021876224
1263545813973827584
1263817938299215873
1263572529639239680
1264152043977084928
1264152418742349825
1264152968296902656
1264153294383067136
1264153584343580674
1264153961566744576
1264154810397360129
1264155305446866945
1264155250136678402
1264155534795706368
1264157479593816064
1264157700411273217
1264158135738081280
1264158409907146752
1264158698173280257
1264159526116298755
1264159969097719808
1264160025339219969
1264160411848519680
1264161165774589952
1264161046824136704
1264162007516938242
1264163624488222720
1264165013130010624
1264163668482240514
1264161919637901312
1264170464533983237
1264173450752602114
1264293339643498498
1264293205400485888
1264294349472501766
1264294192534167553
1264295521470029826
1264295795408412678
1264296491000176643
1264296951224455173
1264297664453267457
1264297793797177346
1264298880637775873
1264299288034754566
1264299071562530817
1264299915888508929
1264302321586102272
1264302557507305478
1264303039499907073
1264303946220396545
1264302087057428482
1264297595674992649
1264601801531232263
1264602598109216768
1264602713637126144
1264603129905102853
1264607390487515137
1264609410300739584
1264616096885325830
1264617646936469507
1264618352565198848
1264618868036812800
1264619398280744960
1264620213535981572
1264623682720354305
1264624869670617088
1264625669230690305
1264626893602590728
1264627560903839746
1264627758677872640
1264628041101316096
1264628863981756417
1264900904140095488
1264901137041326080
1264901026127241217
1264904240402759681
1264904873100939265
1264905760397496321
1264906251680563200
1264906487949918208
1264906934970388480
1264907558797692928
1264907982695018496
1264908293702660097
1264908543607611393
1264908846402764803
1264910650402365440
1264911002459652097
1264911163307036673
1264910210084360194
1264909791928954881
1264903746112360448
1265185297052119040
1265185256610594816
1265185206262210561
1265228217134219266
1265229286878982146
1265230103123984384
1265230586706362368
1265231185254350848
1265231624670785544
1265232252914540544
1265232744625451009
1265238606974783490
1265239140137873409
1265239603910512640
1265239888355635201
1265241623862132738
1265241900388360193
1265242165703254017
1265246869971705857
1265247743443906564
1265248535131365376
1265248787636912129
1265250122818105344
